1 0.70878 0.16016
2 0.64631 0.85500
3 0.72222 0.26977
4 0.70979 0.16003
5 0.83247 0.52994
6 0.83285 0.52983
7 0.70766 0.16079
8 0.72162 0.20814
9 0.70877 0.16015
10 0.68615 0.18866
11 0.69818 0.88745
12 0.72449 0.20797
13 0.69809 0.88701
14 0.80534 0.49546
15 0.69764 0.88800
16 0.71028 0.16030
17 0.72183 0.20809
18 0.72639 0.29448
19 0.69840 0.88803
20 0.69836 0.88766
21 0.81018 0.48811
22 0.68202 0.17430
23 0.66815 0.22850
24 0.78610 0.49975
25 0.78616 0.49965
26 0.78616 0.49965
27 0.78597 0.49974
28 0.76434 0.16018
29 0.78616 0.49965
30 0.70987 0.16001
31 0.72077 0.20838
32 0.70906 0.15997
33 0.72090 0.20838
34 0.70880 0.16009
35 0.73293 0.25637
36 0.70986 0.15995
37 0.83426 0.56929
38 0.70878 0.16016
39 0.72162 0.20814
40 0.80318 0.49660
41 0.78935 0.51507
42 0.72345 0.29441
43 0.79656 0.49587
44 0.72440 0.18930
45 0.76448 0.16019
46 0.76434 0.16018
47 0.34743 0.92509
48 0.71586 0.28575
49 0.66808 0.83380
50 0.68763 0.17238
51 0.69833 0.88826
52 0.76450 0.16055
53 0.50000 0.50000
54 0.77084 0.15978
55 0.69190 0.87630
56 0.69226 0.25984
57 0.72402 0.20879
58 0.69554 0.18986
59 0.79670 0.49171
60 0.68211 0.23110
61 0.69283 0.25951
62 0.68219 0.23161
63 0.70986 0.15995
64 0.70609 0.85285
65 0.71947 0.28454
66 0.70946 0.24403
67 0.69750 0.88818
68 0.71614 0.89324
69 0.69616 0.88764
70 0.69276 0.87648
71 0.69848 0.88811
72 0.69935 0.88829
73 0.69819 0.88799
74 0.25148 0.97352
75 0.76448 0.16019
76 0.76453 0.16024
77 0.73605 0.26904
78 0.71964 0.28792
79 0.73591 0.26840
80 0.71726 0.28730
81 0.70067 0.18012
82 0.68529 0.18947
83 0.70822 0.15986
84 0.50000 0.50000
85 0.68804 0.26645
86 0.69767 0.88795
87 0.68829 0.26560
88 0.69834 0.88754
89 0.72201 0.26945
90 0.69874 0.88851
91 0.69818 0.88816
92 0.75291 0.15923
93 0.69813 0.88815
94 0.69872 0.88818
95 0.75305 0.15924
96 0.69820 0.88824
97 0.72570 0.29064
98 0.75308 0.15923
99 0.75368 0.15947
100 0.69794 0.88816
101 0.73532 0.26925
102 0.70222 0.88403
103 0.69825 0.88820
104 0.73499 0.25467
105 0.76099 0.15590
106 0.69813 0.88815
107 0.68213 0.23109
108 0.69800 0.88805
109 0.68641 0.18837
110 0.69832 0.88726
111 0.68582 0.18868
112 0.69830 0.88837
113 0.73385 0.30366
114 0.73536 0.30248
115 0.69819 0.88816
116 0.73528 0.30262
117 0.70122 0.88320
118 0.69814 0.88814
119 0.70083 0.88319
120 0.69805 0.88834
121 0.73911 0.25582
122 0.50000 0.50000
123 0.70826 0.16047
124 0.70034 0.87839
125 0.73107 0.25737
126 0.69817 0.88808
127 0.71556 0.23634
128 0.69811 0.88756
129 0.74984 0.24087
130 0.74341 0.89968
131 0.61547 0.06537
132 0.73889 0.89261
133 0.71432 0.25018
134 0.69336 0.88545
135 0.71654 0.23548
136 0.71651 0.23546
137 0.70602 0.23746
138 0.69815 0.88814
139 0.70839 0.85295
140 0.69816 0.88822
141 0.50000 0.50000
142 0.69781 0.88817
143 0.78931 0.51194
144 0.66644 0.24983
145 0.71722 0.28653
146 0.71620 0.23703
147 0.69526 0.23938
148 0.68675 0.26677
149 0.70836 0.16039
150 0.64309 0.27702
151 0.78642 0.49972
152 0.72063 0.20796
153 0.68038 0.26391
154 0.78184 0.49484
155 0.68062 0.26409
156 0.66759 0.27331
157 0.68035 0.26392
158 0.64792 0.27326
159 0.64582 0.27719
160 0.64058 0.65382
161 0.79181 0.53736
162 0.68771 0.26561
163 0.72724 0.29331
164 0.66184 0.27498
165 0.73236 0.30163
166 0.77470 0.53078
167 0.68930 0.26585
168 0.68776 0.26558
169 0.68780 0.26580
170 0.69045 0.17067
171 0.65973 0.27083
172 0.64554 0.27703
173 0.68778 0.86898
174 0.73154 0.26045
175 0.67842 0.27431
176 0.69582 0.27554
177 0.69796 0.88792
178 0.45973 0.81320
179 0.79183 0.53729
180 0.66071 0.27218
181 0.69574 0.27543
182 0.68904 0.26529
183 0.72201 0.26945
184 0.79196 0.53726
185 0.73467 0.26774
186 0.50000 0.50000
187 0.68771 0.17263
188 0.72601 0.29443
189 0.72758 0.29344
190 0.32305 0.82171
191 0.68900 0.17086
192 0.72954 0.29696
193 0.69295 0.88289
194 0.68916 0.26566
195 0.73929 0.25166
196 0.69574 0.88042
197 0.68635 0.26586
198 0.72636 0.29436
199 0.72657 0.29454
200 0.70760 0.16101
201 0.69258 0.87544
202 0.68751 0.26585
203 0.72619 0.29443
204 0.69852 0.88745
205 0.68749 0.26559
206 0.70993 0.15994
207 0.68775 0.26559
208 0.68763 0.26565
209 0.69459 0.87697
210 0.70998 0.16000
211 0.70802 0.16066
212 0.68228 0.23108
213 0.68982 0.26618
214 0.73171 0.24005
215 0.72994 0.27217
216 0.74407 0.15847
217 0.69798 0.88783
218 0.70759 0.16132
219 0.68899 0.17085
220 0.72306 0.29428
221 0.69262 0.87639
222 0.71632 0.23777
223 0.67968 0.24911
224 0.70097 0.18017
225 0.64553 0.22697
226 0.69026 0.19427
227 0.72646 0.29454
228 0.71030 0.16039
229 0.69863 0.28127
230 0.50000 0.50000
231 0.73360 0.29996
232 0.70983 0.15987
233 0.72498 0.27706
234 0.70086 0.25900
235 0.72614 0.29461
236 0.72594 0.29448
237 0.72436 0.28366
238 0.70988 0.16003
239 0.73111 0.23997
240 0.68735 0.17674
241 0.69403 0.87692
242 0.70959 0.15979
243 0.75006 0.15836
244 0.73171 0.24553
245 0.80895 0.52353
246 0.72471 0.29312
247 0.73982 0.27986
248 0.78634 0.49928
249 0.73055 0.27307
250 0.69746 0.88758
251 0.50000 0.50000
252 0.72071 0.16156
253 0.72993 0.27242
254 0.76448 0.16019
255 0.70771 0.16088
256 0.67346 0.83743
257 0.72834 0.27360
258 0.75110 0.52479
259 0.69978 0.25924
260 0.72977 0.27284
261 0.73134 0.23953
262 0.73043 0.27340
263 0.72080 0.20825
264 0.73005 0.27264
265 0.78627 0.49979
266 0.70965 0.16044
267 0.78907 0.49862
268 0.68606 0.25890
269 0.69873 0.27148
270 0.66851 0.27318
271 0.68723 0.17460
272 0.68595 0.27218
273 0.70097 0.18017
274 0.80000 0.48889
275 0.68846 0.17330
276 0.78114 0.54309
277 0.50000 0.50000
278 0.68706 0.17320
279 0.69813 0.88833
280 0.66837 0.22854
281 0.69543 0.88024
282 0.77422 0.52160
283 0.52768 0.81936
284 0.72478 0.27763
285 0.50000 0.50000
286 0.73126 0.24013
287 0.50000 0.50000
288 0.71252 0.26178
289 0.73055 0.27307
290 0.50000 0.50000
291 0.73059 0.27308
292 0.50000 0.50000
293 0.72462 0.27797
294 0.73054 0.27306
295 0.72461 0.27806
296 0.68753 0.26558
297 0.73250 0.25653
298 0.68767 0.26559
299 0.72088 0.26613
300 0.68749 0.26559
301 0.72659 0.29450
302 0.68657 0.26572
303 0.64587 0.27724
304 0.68897 0.26109
305 0.68749 0.26559
306 0.83285 0.52983
307 0.81041 0.48811
308 0.81240 0.53574
309 0.64411 0.27692
310 0.64394 0.27692
311 0.81019 0.48819
312 0.74190 0.30195
313 0.78620 0.49505
314 0.64283 0.27698
315 0.70986 0.15995
316 0.67097 0.26326
317 0.79238 0.49688
318 0.83552 0.51476
319 0.81034 0.48820
320 0.65428 0.27034
321 0.81033 0.48821
322 0.81019 0.48819
323 0.62525 0.81686
324 0.75234 0.28975
325 0.62497 0.81646
326 0.72064 0.20882
327 0.66446 0.22627
328 0.72231 0.20758
329 0.72052 0.20837
330 0.72072 0.20880
331 0.71992 0.20827
332 0.76411 0.16068
333 0.72239 0.20756
334 0.66347 0.22641
335 0.68738 0.17216
336 0.72315 0.20804
337 0.71823 0.29288
338 0.72231 0.20758
339 0.70734 0.16125
340 0.66641 0.24979
341 0.72069 0.20866
342 0.66556 0.23458
343 0.66829 0.22854
344 0.76462 0.16021
345 0.75291 0.15923
346 0.71273 0.15984
347 0.73050 0.30191
348 0.71606 0.28588
349 0.72114 0.20826
350 0.69244 0.16539
351 0.72079 0.20837
352 0.71988 0.20866
353 0.75282 0.29568
354 0.61060 0.71383
355 0.70000 0.88333
356 0.68818 0.86257
357 0.70740 0.16103
358 0.70735 0.16102
359 0.70986 0.15995
360 0.72647 0.18932
361 0.70740 0.16103
362 0.77375 0.15800
363 0.70991 0.15999
364 0.72072 0.20880
365 0.69706 0.88739
366 0.72230 0.20754
367 0.50000 0.50000
368 0.70960 0.15979
369 0.72011 0.20835
370 0.69825 0.88859
371 0.69625 0.88741
372 0.69017 0.86820
373 0.50000 0.50000
374 0.50000 0.50000
375 0.74508 0.16316
376 0.74473 0.16296
377 0.74477 0.16301
378 0.74477 0.16301
379 0.30384 0.91423
380 0.74508 0.16316
381 0.72880 0.23325
382 0.66524 0.23501
383 0.68905 0.26600
384 0.68762 0.26558
385 0.77056 0.50625
386 0.77167 0.50634
387 0.40000 0.99444
388 0.77145 0.50641
389 0.77083 0.50699
390 0.68918 0.17155
391 0.77169 0.50581
392 0.77157 0.50630
393 0.79886 0.49539
394 0.74477 0.16301
395 0.76503 0.17533
396 0.69151 0.17419
397 0.68856 0.17185
398 0.68918 0.17155
399 0.68969 0.17216
400 0.74921 0.23983
401 0.70898 0.15999
402 0.71414 0.16183
403 0.73919 0.25192
404 0.74908 0.30884
405 0.75294 0.15937
406 0.68783 0.17215
407 0.68985 0.17134
408 0.77642 0.51844
409 0.77634 0.51850
410 0.83298 0.53032
411 0.83307 0.52987
412 0.85231 0.52993
413 0.83285 0.52983
414 0.76782 0.54548
415 0.68749 0.26559
416 0.68902 0.26566
417 0.70950 0.16183
418 0.68484 0.26623
419 0.68771 0.26556
420 0.68760 0.26559
421 0.68846 0.26610
422 0.68588 0.26618
423 0.72574 0.18943
424 0.66815 0.22849
425 0.70911 0.15998
426 0.70825 0.16045
427 0.70840 0.16036
428 0.70754 0.16137
429 0.70846 0.16041
430 0.70981 0.15983
431 0.70828 0.16048
432 0.70825 0.16045
433 0.72085 0.20834
434 0.65542 0.27176
435 0.70086 0.23335
436 0.72473 0.27799
437 0.78616 0.49965
438 0.70825 0.16045
439 0.64319 0.27724
440 0.71019 0.16030
441 0.71475 0.24914
442 0.65861 0.71463
443 0.77141 0.50652
444 0.77144 0.50649
445 0.72657 0.29454
446 0.77125 0.50644
447 0.68181 0.22966
448 0.68847 0.26850
449 0.68767 0.17626
450 0.74278 0.27940
451 0.67297 0.27392
452 0.73187 0.30157
453 0.66765 0.26165
454 0.72639 0.29447
455 0.67562 0.26617
456 0.72467 0.27779
457 0.68629 0.17285
458 0.68867 0.26839
459 0.70470 0.28794
460 0.67545 0.26622
461 0.71312 0.16113
462 0.73743 0.26532
463 0.70770 0.16079
464 0.73276 0.53469
465 0.51028 0.52708
466 0.74912 0.24084
467 0.67427 0.27379
468 0.72118 0.29274
469 0.66694 0.58681
470 0.30370 0.91403
471 0.77379 0.15804
472 0.72597 0.29452
473 0.77672 0.52772
474 0.68777 0.26552
475 0.69890 0.28133
476 0.31204 0.91948
477 0.69288 0.24341
478 0.67499 0.26636
479 0.65000 0.58333
480 0.68666 0.26552
481 0.69481 0.25041
482 0.69260 0.24336
483 0.69190 0.24819
484 0.78587 0.51946
485 0.68935 0.17173
486 0.69304 0.24364
487 0.69254 0.24346
488 0.71642 0.28626
489 0.68293 0.23084
490 0.68137 0.23050
491 0.68749 0.26559
492 0.68491 0.18922
493 0.68175 0.17456
494 0.70094 0.25892
495 0.68305 0.23131
496 0.50743 0.78869
497 0.73157 0.26042
498 0.31185 0.92002
499 0.73157 0.50634
500 0.66414 0.22603
501 0.67008 0.23239
502 0.72994 0.50600
503 0.72985 0.50584
504 0.65755 0.27119
505 0.34729 0.92503
506 0.34757 0.92509
507 0.59543 0.71470
508 0.68582 0.18868
509 0.34796 0.92509
510 0.50000 0.50000
511 0.80026 0.49222
512 0.65973 0.27083
513 0.69266 0.25396
514 0.73013 0.27268
515 0.75266 0.29548
516 0.66933 0.25112
517 0.50000 0.50000
518 0.34796 0.92505
519 0.50000 0.50000
520 0.72525 0.48992
521 0.65759 0.45454
522 0.71099 0.16102
523 0.71928 0.49899
524 0.72988 0.50591
525 0.50000 0.50000
526 0.73093 0.50690
527 0.69191 0.24821
528 0.50000 0.50000
529 0.50000 0.50000
530 0.68238 0.23105
531 0.86006 0.08931
532 0.72444 0.50116
533 0.68918 0.17155
534 0.50000 0.50000
535 0.69667 0.16955
536 0.64550 0.22862
537 0.72571 0.18894
538 0.70424 0.50847
539 0.72114 0.89190
540 0.68344 0.23139
541 0.72706 0.29416
542 0.72137 0.28969
543 0.72222 0.48889
544 0.78283 0.51505
545 0.68752 0.17258
546 0.62781 0.70177
547 0.78259 0.51907
548 0.75420 0.55899
549 0.65815 0.45483
550 0.66535 0.23510
551 0.50000 0.50000
552 0.70334 0.16141
553 0.50000 0.50000
554 0.79843 0.49486
555 0.50000 0.50000
556 0.79574 0.49852
557 0.72089 0.22639
558 0.79003 0.50033
559 0.71972 0.20187
560 0.68930 0.17413
561 0.50000 0.50000
562 0.69599 0.16482
563 0.30796 0.91884
564 0.50000 0.50000
565 0.50000 0.50000
566 0.50000 0.50000
567 0.68916 0.17427
568 0.50000 0.50000
569 0.43104 0.86340
570 0.50000 0.50000
571 0.80000 0.48889
572 0.72676 0.29457
573 0.66392 0.22613
574 0.65879 0.71480
575 0.71310 0.24957
576 0.72785 0.58049
577 0.77527 0.52407
578 0.76667 0.54458
579 0.70968 0.16057
580 0.69444 0.87708
581 0.69824 0.88778
582 0.77154 0.50655
583 0.71025 0.16030
584 0.70986 0.15995
585 0.70986 0.15995
586 0.68960 0.17442
587 0.68198 0.17477
588 0.69535 0.88029
589 0.58611 0.24931
590 0.58123 0.24854
591 0.70899 0.16100
592 0.68656 0.86221
593 0.70942 0.16081
594 0.69120 0.17096
595 0.70857 0.16118
596 0.68911 0.17150
597 0.64344 0.27679
598 0.50000 0.50000
599 0.71614 0.28600
600 0.71667 0.20694
601 0.75695 0.23819
602 0.76448 0.16019
603 0.67556 0.86264
604 0.69241 0.17158
605 0.65816 0.45485
606 0.71961 0.16718
607 0.72986 0.50590
608 0.72619 0.29457
609 0.76204 0.15969
610 0.69997 0.28084
611 0.68977 0.17083
612 0.70941 0.16182
613 0.76448 0.16019
614 0.70927 0.16089
615 0.72230 0.29358
616 0.71250 0.89144
617 0.73332 0.25650
618 0.69892 0.88778
619 0.75440 0.54417
620 0.72064 0.20862
621 0.67346 0.83738
622 0.69825 0.88820
623 0.73792 0.28103
624 0.70720 0.16130
625 0.70868 0.16108
626 0.70917 0.16085
627 0.70980 0.16002
628 0.71358 0.24896
629 0.73020 0.50610
630 0.83285 0.52983
631 0.83285 0.52983
632 0.66720 0.22657
633 0.66004 0.27352
634 0.66727 0.22814
635 0.83288 0.52986
636 0.77764 0.52255
637 0.69855 0.88787
638 0.69815 0.88789
639 0.71611 0.28605
640 0.78616 0.49965
641 0.78866 0.50367
642 0.69444 0.79167
643 0.50000 0.50000
644 0.88597 0.57088
645 0.78951 0.51431
646 0.50000 0.50000
647 0.66721 0.23440
648 0.72608 0.29449
649 0.82762 0.51570
650 0.68881 0.17091
651 0.73949 0.89267
652 0.67031 0.25536
653 0.64580 0.27704
654 0.68918 0.17155
655 0.70911 0.16390
656 0.69681 0.56739
657 0.70868 0.16021
658 0.71686 0.23729
659 0.83285 0.52983
660 0.74225 0.50401
661 0.82947 0.55029
662 0.71008 0.16042
663 0.83297 0.52978
664 0.71017 0.16032
665 0.83185 0.52834
666 0.50000 0.50000
667 0.88510 0.54480
668 0.71759 0.28289
669 0.55501 0.26754
670 0.66695 0.24112
671 0.78623 0.49987
672 0.83291 0.52983
673 0.74282 0.27960
674 0.70760 0.16101
675 0.71722 0.23728
676 0.63886 0.83732
677 0.66935 0.26579
678 0.83294 0.52977
679 0.66376 0.22564
680 0.82852 0.52678
681 0.73305 0.25651
682 0.70986 0.15995
683 0.88020 0.54844
684 0.70986 0.15995
685 0.83285 0.52983
686 0.45679 0.80626
687 0.71578 0.28492
688 0.70860 0.28487
689 0.74899 0.55686
690 0.83285 0.52983
691 0.79352 0.49611
692 0.68950 0.17143
693 0.83551 0.51479
694 0.73380 0.30277
695 0.68939 0.17122
696 0.73313 0.25641
697 0.72857 0.25594
698 0.73357 0.25561
699 0.83276 0.52952
700 0.73824 0.28090
701 0.83290 0.52993
702 0.72663 0.28372
703 0.83297 0.52944
704 0.79368 0.49600
705 0.83295 0.52982
706 0.83285 0.52983
707 0.70092 0.25893
708 0.68771 0.17263
709 0.83285 0.52983
710 0.67812 0.82994
711 0.79231 0.49310
712 0.68781 0.26562
713 0.68918 0.17155
714 0.52500 0.81852
715 0.73352 0.25532
716 0.82965 0.55016
717 0.66535 0.23510
718 0.83304 0.52981
719 0.50000 0.50000
720 0.83285 0.52983
721 0.72842 0.26355
722 0.66869 0.22783
723 0.69363 0.27115
724 0.66535 0.23510
725 0.85231 0.52894
726 0.50000 0.50000
727 0.83283 0.53000
728 0.66532 0.23512
729 0.83551 0.51479
730 0.66557 0.23496
731 0.73266 0.25656
732 0.73721 0.56479
733 0.68235 0.23008
734 0.50000 0.50000
735 0.82830 0.54878
736 0.85064 0.52144
737 0.83285 0.52983
738 0.83104 0.53108
739 0.83284 0.52985
740 0.46570 0.79675
741 0.78660 0.49167
742 0.69537 0.88032
743 0.72453 0.29381
744 0.85231 0.53000
745 0.70358 0.24106
746 0.85231 0.52894
747 0.71876 0.28739
748 0.83347 0.53073
749 0.77639 0.54167
750 0.66641 0.24979
751 0.83551 0.51479
752 0.72315 0.29306
753 0.78454 0.49843
754 0.79407 0.49583
755 0.67346 0.83738
756 0.69825 0.88820
757 0.69282 0.87555
758 0.69111 0.86792
759 0.70459 0.28775
760 0.69713 0.88741
761 0.76332 0.52394
762 0.70760 0.16101
763 0.73869 0.26203
764 0.69793 0.88817
765 0.73841 0.26245
766 0.69287 0.87601
767 0.57183 0.71575
768 0.69827 0.88805
769 0.58084 0.83617
770 0.69741 0.88750
771 0.78296 0.51931
772 0.85236 0.52900
773 0.83278 0.52952
774 0.83343 0.53083
775 0.83521 0.51485
776 0.85235 0.52897
777 0.83441 0.53083
778 0.85283 0.53007
779 0.83283 0.53000
780 0.83272 0.52924
781 0.88704 0.55269
782 0.83289 0.52943
783 0.83299 0.52976
784 0.82360 0.52327
785 0.85232 0.52891
786 0.83374 0.53064
787 0.83280 0.53006
788 0.83285 0.52983
789 0.84019 0.51972
790 0.83293 0.52979
791 0.72090 0.20838
792 0.69884 0.28182
793 0.77638 0.51696
794 0.72131 0.20823
795 0.72065 0.20837
796 0.72069 0.20775
797 0.83431 0.56926
798 0.72087 0.20830
799 0.70878 0.16016
800 0.72077 0.20838
801 0.72090 0.20838
802 0.60439 0.77495
803 0.70878 0.16016
804 0.70708 0.16157
805 0.72172 0.20803
806 0.83426 0.56836
807 0.72233 0.20760
808 0.77556 0.51693
809 0.72113 0.20809
810 0.72090 0.20838
811 0.72161 0.20814
812 0.72637 0.29448
813 0.73331 0.25504
814 0.68918 0.17155
815 0.78581 0.49908
816 0.72244 0.28769
817 0.68377 0.23177
818 0.72180 0.26062
819 0.72233 0.20757
820 0.74989 0.24093
821 0.73238 0.30164
822 0.77380 0.15804
823 0.72249 0.20750
824 0.74278 0.27940
825 0.66809 0.22843
826 0.72077 0.20838
827 0.50000 0.50000
828 0.70878 0.16016
829 0.72082 0.20832
830 0.72077 0.20838
831 0.72075 0.20789
832 0.66667 0.23529
833 0.73127 0.23971
834 0.75138 0.55509
835 0.66540 0.23549
836 0.66515 0.23456
837 0.72667 0.29759
838 0.73539 0.30255
839 0.77376 0.15873
840 0.74229 0.51077
841 0.77557 0.51693
842 0.66495 0.23553
843 0.70071 0.25892
844 0.77546 0.51730
845 0.66379 0.23496
846 0.66535 0.23510
847 0.66535 0.23510
848 0.66643 0.23422
849 0.78646 0.49943
850 0.70688 0.16122
851 0.69619 0.27085
852 0.69697 0.88781
853 0.66767 0.23556
854 0.55546 0.71190
855 0.72293 0.29039
856 0.73975 0.28440
857 0.72618 0.29404
858 0.66698 0.23501
859 0.71611 0.28602
860 0.72965 0.29023
861 0.73660 0.29833
862 0.72755 0.28896
863 0.73252 0.25663
864 0.72077 0.20838
865 0.73266 0.30172
866 0.72231 0.20755
867 0.72086 0.20825
868 0.72077 0.20838
869 0.72086 0.20834
870 0.72178 0.20809
871 0.70900 0.16003
872 0.72089 0.20837
873 0.72066 0.20861
874 0.70986 0.15995
875 0.72222 0.20804
876 0.68904 0.17116
877 0.71746 0.23732
878 0.72176 0.20816
879 0.75881 0.51808
880 0.75854 0.51825
881 0.75842 0.51842
882 0.68771 0.17263
883 0.71608 0.28586
884 0.68334 0.17480
885 0.68690 0.17245
886 0.70086 0.23335
887 0.67016 0.23240
888 0.71562 0.28584
889 0.79651 0.48285
890 0.71937 0.29160
891 0.71577 0.28507
892 0.71622 0.28601
893 0.71893 0.28487
894 0.70027 0.17991
895 0.70740 0.16109
896 0.72315 0.20805
897 0.72079 0.20857
898 0.70880 0.16009
899 0.72231 0.20758
900 0.72090 0.20838
901 0.79095 0.51352
902 0.78931 0.51194
903 0.74608 0.31031
904 0.82961 0.55017
905 0.72196 0.29121
906 0.73236 0.30163
907 0.68705 0.17271
908 0.71027 0.20298
909 0.70097 0.18017
910 0.70878 0.16016
911 0.72116 0.20822
912 0.68918 0.17155
913 0.68749 0.26559
914 0.68905 0.26655
915 0.68856 0.26607
916 0.71002 0.16036
917 0.72679 0.29665
918 0.68175 0.17456
919 0.71611 0.28607
920 0.75002 0.24089
921 0.72636 0.29435
922 0.72193 0.29122
923 0.75991 0.24415
924 0.68749 0.26559
925 0.71588 0.20855
926 0.70740 0.16103
927 0.72231 0.20758
928 0.72161 0.20814
929 0.77562 0.51703
930 0.72083 0.20832
931 0.72232 0.20756
932 0.68671 0.17293
933 0.77562 0.51703
934 0.68690 0.17245
935 0.72629 0.29427
936 0.68933 0.17150
937 0.72077 0.20838
938 0.70986 0.15995
939 0.71240 0.15934
940 0.79208 0.49688
941 0.72058 0.20852
942 0.72558 0.29444
943 0.70878 0.16016
944 0.73547 0.30163
945 0.72619 0.29443
946 0.73676 0.30372
947 0.72082 0.20832
948 0.72077 0.20838
949 0.77567 0.51709
950 0.72090 0.20838
951 0.72315 0.20805
952 0.70000 0.88333
953 0.70387 0.88122
954 0.78559 0.50142
955 0.68918 0.17155
956 0.69846 0.88806
957 0.69825 0.88820
958 0.72181 0.20724
959 0.50000 0.50000
960 0.70289 0.87947
961 0.69827 0.88806
962 0.73447 0.29829
963 0.70673 0.88626
964 0.69766 0.88815
965 0.68918 0.17155
966 0.69833 0.88788
967 0.68989 0.17136
968 0.69830 0.88806
969 0.68828 0.17157
970 0.69694 0.88792
971 0.76034 0.31108
972 0.69824 0.88794
973 0.70908 0.16089
974 0.69616 0.88764
975 0.76694 0.15857
976 0.69811 0.88814
977 0.69042 0.17077
978 0.69817 0.88858
979 0.68892 0.17086
980 0.69702 0.88783
981 0.68759 0.17170
982 0.69271 0.87639
983 0.73526 0.30257
984 0.69909 0.88862
985 0.72231 0.20758
986 0.69722 0.88787
987 0.69782 0.88688
988 0.68931 0.17149
989 0.69126 0.17416
990 0.69723 0.27778
991 0.68926 0.17152
992 0.73655 0.26543
993 0.66410 0.22640
994 0.69729 0.88742
995 0.72597 0.29452
996 0.69837 0.88767
997 0.69792 0.88817
998 0.70474 0.28895
999 0.73528 0.30264
1000 0.68876 0.17249
1001 0.71926 0.25718
1002 0.69539 0.88023
1003 0.73532 0.30261
1004 0.69741 0.88726
1005 0.73806 0.29845
1006 0.72077 0.20838
1007 0.78846 0.51244
1008 0.83431 0.56926
1009 0.72012 0.20860
1010 0.72010 0.20847
1011 0.74278 0.27940
1012 0.79091 0.51346
1013 0.71611 0.28607
1014 0.72062 0.20834
1015 0.83426 0.56930
1016 0.72088 0.20834
1017 0.70878 0.16016
1018 0.70770 0.16088
1019 0.68989 0.17136
1020 0.71252 0.26178
1021 0.70468 0.28857
1022 0.68918 0.17155
1023 0.72050 0.20839
1024 0.73911 0.25582
1025 0.70791 0.16054
1026 0.71968 0.20839
1027 0.50000 0.50000
1028 0.73491 0.25569
1029 0.69313 0.87917
1030 0.73072 0.25517
1031 0.66815 0.22849
1032 0.71606 0.28588
1033 0.71456 0.24903
1034 0.69888 0.88922
1035 0.65187 0.27075
1036 0.69407 0.87722
1037 0.69497 0.27537
1038 0.73514 0.29822
1039 0.50000 0.50000
1040 0.75291 0.15923
1041 0.69827 0.88805
1042 0.64029 0.65356
1043 0.69615 0.88746
1044 0.74352 0.27908
1045 0.73969 0.30282
1046 0.50000 0.50000
1047 0.73488 0.26739
1048 0.73759 0.30148
1049 0.70000 0.88333
1050 0.73776 0.26749
1051 0.74805 0.24099
1052 0.69809 0.88794
1053 0.74952 0.24027
1054 0.79130 0.49386
1055 0.70120 0.88735
1056 0.73711 0.26907
1057 0.50000 0.50000
1058 0.69438 0.87710
1059 0.74189 0.17621
1060 0.50000 0.50000
1061 0.69505 0.20395
1062 0.69390 0.88041
1063 0.68918 0.17155
1064 0.50000 0.50000
1065 0.73840 0.26177
1066 0.72196 0.29121
1067 0.72576 0.29375
1068 0.72094 0.26067
1069 0.70130 0.25070
1070 0.70986 0.15995
1071 0.69795 0.88817
1072 0.73496 0.29801
1073 0.69773 0.88799
1074 0.78625 0.49975
1075 0.69556 0.88019
1076 0.72092 0.25989
1077 0.79236 0.50359
1078 0.74314 0.89562
1079 0.81033 0.48814
1080 0.50000 0.50000
1081 0.80537 0.49417
1082 0.69842 0.88910
1083 0.71237 0.89140
1084 0.68175 0.17456
1085 0.53869 0.93947
1086 0.74445 0.30121
1087 0.50000 0.50000
1088 0.78361 0.18310
1089 0.69630 0.88764
1090 0.70009 0.25949
1091 0.74209 0.89432
1092 0.72078 0.20843
1093 0.69806 0.88808
1094 0.69516 0.20418
1095 0.70000 0.88333
1096 0.72077 0.20838
1097 0.69815 0.88787
1098 0.73333 0.62083
1099 0.68694 0.86231
1100 0.68237 0.86328
1101 0.72090 0.20838
1102 0.78706 0.48908
1103 0.69615 0.88753
1104 0.69825 0.88820
1105 0.50000 0.50000
1106 0.73721 0.56479
1107 0.66470 0.27325
1108 0.72089 0.22639
1109 0.70288 0.87947
1110 0.72660 0.29440
1111 0.50000 0.50000
1112 0.68551 0.18923
1113 0.69601 0.88569
1114 0.69846 0.88846
1115 0.69288 0.87572
1116 0.70874 0.16142
1117 0.70000 0.88333
1118 0.69768 0.88774
1119 0.70870 0.85278
1120 0.69748 0.88460
1121 0.64567 0.85362
1122 0.69815 0.88814
1123 0.69694 0.88792
1124 0.50000 0.50000
1125 0.69806 0.88495
1126 0.50000 0.50000
1127 0.50000 0.50000
1128 0.68661 0.86227
1129 0.69824 0.88802
1130 0.69334 0.87616
1131 0.70426 0.88986
1132 0.69836 0.88823
1133 0.69806 0.88788
1134 0.73785 0.26077
1135 0.73837 0.89335
1136 0.69849 0.88809
1137 0.64600 0.85483
1138 0.68425 0.86035
1139 0.70482 0.88898
1140 0.73269 0.89079
1141 0.73064 0.29748
1142 0.69437 0.87711
1143 0.69922 0.88757
1144 0.69814 0.88814
1145 0.71378 0.28673
1146 0.74266 0.27899
1147 0.69792 0.27068
1148 0.61509 0.21301
1149 0.71676 0.26500
1150 0.71905 0.29307
1151 0.73049 0.30123
1152 0.60926 0.22444
1153 0.72171 0.26097
1154 0.72511 0.20815
1155 0.70000 0.88333
1156 0.72711 0.26343
1157 0.80932 0.53495
1158 0.70054 0.18015
1159 0.72806 0.58052
1160 0.70102 0.62226
1161 0.69781 0.27066
1162 0.80944 0.53488
1163 0.71537 0.16314
1164 0.69694 0.88792
1165 0.72678 0.29363
1166 0.80933 0.53482
1167 0.71554 0.16329
1168 0.69697 0.88780
1169 0.76037 0.23108
1170 0.80964 0.53420
1171 0.71527 0.16326
1172 0.50000 0.50000
1173 0.70770 0.16088
1174 0.68900 0.86517
1175 0.71440 0.24906
1176 0.68564 0.18914
1177 0.75251 0.15923
1178 0.70061 0.18016
1179 0.70714 0.16056
1180 0.71252 0.26178
1181 0.68789 0.17115
1182 0.68790 0.17134
1183 0.64331 0.27701
1184 0.69294 0.88255
1185 0.69520 0.24983
1186 0.61510 0.21271
1187 0.68667 0.17313
1188 0.65246 0.27082
1189 0.80946 0.53497
1190 0.68695 0.17292
1191 0.34740 0.92508
1192 0.80917 0.53449
1193 0.68880 0.17195
1194 0.70983 0.15985
1195 0.63911 0.83757
1196 0.80935 0.53486
1197 0.68716 0.17256
1198 0.76733 0.53210
1199 0.80932 0.53492
1200 0.68214 0.23112
1201 0.71601 0.23661
1202 0.68630 0.17304
1203 0.71690 0.23725
1204 0.80948 0.53487
1205 0.71674 0.23433
1206 0.81199 0.52835
1207 0.71674 0.23399
1208 0.80935 0.53495
1209 0.79750 0.52778
1210 0.68635 0.17301
1211 0.68671 0.17293
1212 0.68914 0.17146
1213 0.68945 0.17127
1214 0.68918 0.17155
1215 0.68221 0.22987
1216 0.68889 0.17096
1217 0.68878 0.17097
1218 0.68914 0.17157
1219 0.81660 0.52829
1220 0.68928 0.17099
1221 0.80932 0.53492
1222 0.80951 0.53497
1223 0.68297 0.22986
1224 0.72645 0.18919
1225 0.66520 0.23617
1226 0.72608 0.29463
1227 0.66567 0.23617
1228 0.72134 0.23189
1229 0.71759 0.26528
1230 0.27088 0.98553
1231 0.72232 0.29103
1232 0.79870 0.49347
1233 0.27067 0.98549
1234 0.80026 0.49222
1235 0.27061 0.98548
1236 0.69259 0.87639
1237 0.77141 0.50652
1238 0.69505 0.88030
1239 0.72962 0.29725
1240 0.79828 0.49584
1241 0.71651 0.23546
1242 0.68834 0.17115
1243 0.71649 0.23546
1244 0.70934 0.16176
1245 0.29442 0.98551
1246 0.71093 0.56591
1247 0.27819 0.98623
1248 0.78604 0.49996
1249 0.78626 0.49984
1250 0.65561 0.27062
1251 0.65597 0.27091
1252 0.71525 0.16309
1253 0.68417 0.23105
1254 0.71641 0.28588
1255 0.71657 0.23703
1256 0.71722 0.23728
1257 0.74891 0.24120
1258 0.69132 0.17458
1259 0.68688 0.18883
1260 0.75234 0.15925
1261 0.66347 0.22641
1262 0.72072 0.20880
1263 0.68656 0.18823
1264 0.71250 0.16100
1265 0.66650 0.23417
1266 0.40790 0.99837
1267 0.27210 0.98755
1268 0.29063 0.98935
1269 0.27065 0.98134
1270 0.70949 0.16164
1271 0.75291 0.15923
1272 0.75291 0.15923
1273 0.75235 0.15905
1274 0.68213 0.23109
1275 0.71583 0.28600
1276 0.68873 0.17133
1277 0.71670 0.28672
1278 0.77161 0.50659
1279 0.71627 0.28634
1280 0.68980 0.17119
1281 0.69403 0.27493
1282 0.71611 0.28607
1283 0.68896 0.17309
1284 0.71665 0.28603
1285 0.68575 0.18792
1286 0.72895 0.28918
1287 0.72696 0.29485
1288 0.71873 0.20873
1289 0.73047 0.27335
1290 0.72007 0.20829
1291 0.73055 0.27309
1292 0.64518 0.22807
1293 0.68993 0.17098
1294 0.74189 0.17621
1295 0.79681 0.49354
1296 0.72619 0.29443
1297 0.80037 0.49208
1298 0.68295 0.22986
1299 0.73044 0.27294
1300 0.73092 0.27377
1301 0.73068 0.27355
1302 0.61834 0.06157
1303 0.78810 0.47695
1304 0.79655 0.49594
1305 0.65883 0.27449
1306 0.66815 0.22849
1307 0.61881 0.06128
1308 0.72233 0.20757
1309 0.73491 0.30213
1310 0.77089 0.15975
1311 0.71021 0.16040
1312 0.76448 0.16019
1313 0.73837 0.26169
1314 0.71612 0.28537
1315 0.83022 0.56891
1316 0.70083 0.25891
1317 0.73837 0.26169
1318 0.78534 0.50285
1319 0.74235 0.17720
1320 0.69411 0.27841
1321 0.70986 0.15995
1322 0.78619 0.49964
1323 0.73869 0.26203
1324 0.82998 0.56850
1325 0.74156 0.19233
1326 0.68677 0.17242
1327 0.73771 0.26081
1328 0.72416 0.29261
1329 0.73771 0.26081
1330 0.73764 0.28119
1331 0.69598 0.26373
1332 0.69873 0.28156
1333 0.78607 0.49927
1334 0.65855 0.27552
1335 0.69914 0.28170
1336 0.69897 0.28162
1337 0.78737 0.51087
1338 0.72885 0.29459
1339 0.69821 0.88801
1340 0.68844 0.17113
1341 0.69897 0.28138
1342 0.76315 0.52375
1343 0.71550 0.16323
1344 0.68582 0.18868
1345 0.79750 0.52778
1346 0.73463 0.47579
1347 0.73183 0.23998
1348 0.79750 0.52778
1349 0.72999 0.50595
1350 0.72015 0.20861
1351 0.79174 0.53735
1352 0.69710 0.28663
1353 0.76139 0.52307
1354 0.82625 0.23856
1355 0.68842 0.17124
1356 0.74230 0.17721
1357 0.68201 0.17480
1358 0.80303 0.52676
1359 0.70854 0.62520
1360 0.71981 0.20868
1361 0.69586 0.16473
1362 0.83425 0.56929
1363 0.83431 0.56926
1364 0.73105 0.23992
1365 0.77309 0.16123
1366 0.73104 0.23993
1367 0.72201 0.26945
1368 0.68893 0.27499
1369 0.72292 0.26964
1370 0.72089 0.22639
1371 0.68623 0.25888
1372 0.68175 0.17455
1373 0.72547 0.20810
1374 0.73337 0.23995
1375 0.72093 0.26068
1376 0.68582 0.18868
1377 0.78616 0.49015
1378 0.73111 0.23997
1379 0.73067 0.27324
1380 0.73096 0.23960
1381 0.72977 0.24012
1382 0.69455 0.26345
1383 0.71604 0.28586
1384 0.73111 0.23997
1385 0.65526 0.27095
1386 0.71130 0.28200
1387 0.76132 0.15861
1388 0.74930 0.25516
1389 0.71535 0.16343
1390 0.76450 0.16055
1391 0.50000 0.50000
1392 0.72993 0.50603
1393 0.72520 0.48988
1394 0.69597 0.87959
1395 0.72454 0.48972
1396 0.72468 0.48933
1397 0.74120 0.48454
1398 0.72575 0.48888
1399 0.71611 0.28607
1400 0.69433 0.27331
1401 0.68989 0.17136
1402 0.68304 0.17444
1403 0.75290 0.15842
1404 0.70773 0.16082
1405 0.68936 0.17233
1406 0.71127 0.28201
1407 0.28990 0.90326
1408 0.31259 0.91944
1409 0.72469 0.48973
1410 0.72396 0.48966
1411 0.72204 0.48711
1412 0.70299 0.48715
1413 0.80292 0.54238
1414 0.73784 0.49544
1415 0.66815 0.22849
1416 0.72627 0.29460
1417 0.72426 0.49014
1418 0.72216 0.49989
1419 0.72468 0.27776
1420 0.55940 0.32994
1421 0.76452 0.16015
1422 0.73301 0.25645
1423 0.68913 0.17098
1424 0.69501 0.27306
1425 0.31707 0.92160
1426 0.68918 0.17155
1427 0.60945 0.06920
1428 0.71423 0.16252
1429 0.70055 0.27710
1430 0.50000 0.50000
1431 0.60961 0.06919
1432 0.78889 0.55556
1433 0.50000 0.50000
1434 0.69593 0.88037
1435 0.72458 0.48970
1436 0.72287 0.25488
1437 0.73124 0.50746
1438 0.79676 0.49167
1439 0.70940 0.22962
1440 0.68801 0.28154
1441 0.64319 0.27724
1442 0.66746 0.21557
1443 0.50000 0.50000
1444 0.68188 0.17459
1445 0.71763 0.28713
1446 0.70357 0.88386
1447 0.68463 0.18967
1448 0.68806 0.26636
1449 0.73982 0.25259
1450 0.83424 0.56924
1451 0.71616 0.28649
1452 0.73442 0.29621
1453 0.72483 0.49009
1454 0.83420 0.56874
1455 0.85630 0.57894
1456 0.83519 0.56756
1457 0.84315 0.56403
1458 0.71896 0.28497
1459 0.68194 0.17458
1460 0.71800 0.28656
1461 0.50000 0.50000
1462 0.72592 0.29448
1463 0.66815 0.22849
1464 0.50000 0.50000
1465 0.70086 0.23335
1466 0.72454 0.48972
1467 0.68918 0.17155
1468 0.74139 0.27644
1469 0.58113 0.83606
1470 0.72454 0.48972
1471 0.71590 0.28551
1472 0.71043 0.54153
1473 0.71628 0.28602
1474 0.50000 0.50000
1475 0.76468 0.16089
1476 0.66439 0.23583
1477 0.73505 0.26811
1478 0.72626 0.29446
1479 0.65973 0.27083
1480 0.50000 0.50000
1481 0.50000 0.50000
1482 0.83285 0.52983
1483 0.76450 0.16027
1484 0.50000 0.50000
1485 0.50000 0.50000
1486 0.67129 0.26867
1487 0.50000 0.50000
1488 0.50000 0.50000
1489 0.50000 0.50000
1490 0.72211 0.20777
1491 0.65855 0.27395
1492 0.54444 0.31667
1493 0.69824 0.88792
1494 0.77010 0.52848
1495 0.72561 0.29455
1496 0.50000 0.50000
1497 0.68814 0.26573
1498 0.72207 0.29130
1499 0.72194 0.29126
1500 0.68947 0.17130
1501 0.71655 0.28519
1502 0.72982 0.26764
1503 0.70226 0.20674
1504 0.72616 0.29461
1505 0.72467 0.27779
1506 0.72652 0.29456
1507 0.77048 0.15997
1508 0.72619 0.29443
1509 0.31226 0.91999
1510 0.68938 0.17246
1511 0.79045 0.52244
1512 0.50000 0.50000
1513 0.50000 0.50000
1514 0.50000 0.50000
1515 0.71252 0.26178
1516 0.72626 0.29446
1517 0.50000 0.50000
1518 0.73417 0.56875
1519 0.50000 0.50000
1520 0.66476 0.22607
1521 0.50000 0.50000
1522 0.79676 0.49167
1523 0.50000 0.50000
1524 0.79664 0.49186
1525 0.50000 0.50000
1526 0.79553 0.49854
1527 0.50000 0.50000
1528 0.79676 0.49167
1529 0.68918 0.17155
1530 0.79176 0.53722
1531 0.72183 0.29092
1532 0.68968 0.17151
1533 0.50000 0.50000
1534 0.50000 0.50000
1535 0.50000 0.50000
1536 0.78442 0.50059
1537 0.74969 0.24141
1538 0.76044 0.22603
1539 0.51389 0.81250
1540 0.51759 0.78250
1541 0.28962 0.90344
1542 0.51389 0.81250
1543 0.70426 0.28838
1544 0.65855 0.27395
1545 0.78481 0.49699
1546 0.69912 0.24804
1547 0.31259 0.91963
1548 0.72497 0.27798
1549 0.68018 0.27592
1550 0.73111 0.23997
1551 0.27277 0.98579
1552 0.77361 0.15800
1553 0.70986 0.15995
1554 0.75454 0.28579
1555 0.70333 0.16140
1556 0.73961 0.28479
1557 0.73122 0.25500
1558 0.70868 0.16021
1559 0.66408 0.22647
1560 0.71780 0.28625
1561 0.70011 0.27820
1562 0.70735 0.16102
1563 0.68908 0.17156
1564 0.70994 0.16002
1565 0.72659 0.23164
1566 0.30180 0.30127
1567 0.78591 0.49990
1568 0.28992 0.90268
1569 0.68617 0.25893
1570 0.62379 0.81701
1571 0.68585 0.25898
1572 0.50000 0.50000
1573 0.69486 0.20383
1574 0.69525 0.88029
1575 0.69489 0.20383
1576 0.50000 0.50000
1577 0.60259 0.30583
1578 0.70556 0.85417
1579 0.60773 0.30383
1580 0.71250 0.88985
1581 0.50000 0.50000
1582 0.70977 0.15996
1583 0.69845 0.88841
1584 0.70744 0.16140
1585 0.50000 0.50000
1586 0.74525 0.16505
1587 0.72356 0.29088
1588 0.69714 0.22892
1589 0.74992 0.24092
1590 0.72454 0.25864
1591 0.71000 0.16000
1592 0.74967 0.24044
1593 0.68782 0.17115
1594 0.34694 0.92213
1595 0.68819 0.17119
1596 0.72451 0.25851
1597 0.69552 0.88049
1598 0.68203 0.86098
1599 0.69825 0.88820
1600 0.69275 0.88214
1601 0.69981 0.88770
1602 0.69781 0.88816
1603 0.50000 0.50000
1604 0.69803 0.88898
1605 0.69481 0.88037
1606 0.69365 0.88100
1607 0.69542 0.88037
1608 0.50000 0.50000
1609 0.69813 0.88792
1610 0.70020 0.88909
1611 0.69806 0.88787
1612 0.50000 0.50000
1613 0.50000 0.50000
1614 0.69352 0.87736
1615 0.69703 0.88784
1616 0.69278 0.88259
1617 0.50000 0.50000
1618 0.74477 0.16301
1619 0.70468 0.28852
1620 0.70986 0.15995
1621 0.66498 0.23451
1622 0.74798 0.15804
1623 0.75033 0.15664
1624 0.75434 0.19858
1625 0.70968 0.15990
1626 0.70986 0.15995
1627 0.70938 0.15997
1628 0.74182 0.27716
1629 0.50000 0.50000
1630 0.31148 0.91995
1631 0.31179 0.92003
1632 0.72170 0.82350
1633 0.69837 0.88767
1634 0.71153 0.89114
1635 0.69608 0.88029
1636 0.69833 0.88726
1637 0.68981 0.17075
1638 0.70868 0.16021
1639 0.70868 0.16021
1640 0.31179 0.92001
1641 0.70986 0.15995
1642 0.76448 0.16019
1643 0.76448 0.16019
1644 0.70741 0.16141
1645 0.83136 0.07923
1646 0.69978 0.26689
1647 0.73338 0.24543
1648 0.72048 0.29168
1649 0.72201 0.29122
1650 0.72359 0.29087
1651 0.69835 0.88828
1652 0.50000 0.50000
1653 0.50000 0.50000
1654 0.69796 0.88511
1655 0.69815 0.88814
1656 0.70333 0.87951
1657 0.81031 0.48818
1658 0.69689 0.88785
1659 0.73152 0.24564
1660 0.50000 0.50000
1661 0.69864 0.88810
1662 0.78616 0.49965
1663 0.77846 0.52871
1664 0.28972 0.90304
1665 0.71109 0.16033
1666 0.73565 0.25535
1667 0.60255 0.30567
1668 0.69880 0.88861
1669 0.50000 0.50000
1670 0.69886 0.88872
1671 0.69827 0.88803
1672 0.69771 0.88713
1673 0.69633 0.88747
1674 0.69694 0.88792
1675 0.50000 0.50000
1676 0.72619 0.29443
1677 0.71578 0.28593
1678 0.73262 0.53491
1679 0.72649 0.28363
1680 0.50000 0.50000
1681 0.69486 0.27534
1682 0.69749 0.88753
1683 0.69585 0.88006
1684 0.50000 0.50000
1685 0.69408 0.88102
1686 0.69525 0.88028
1687 0.69852 0.88792
1688 0.50000 0.50000
1689 0.69694 0.88792
1690 0.69806 0.88907
1691 0.50000 0.50000
1692 0.70308 0.88857
1693 0.69999 0.88837
1694 0.73889 0.89264
1695 0.50000 0.50000
1696 0.68800 0.86875
1697 0.69784 0.88810
1698 0.69111 0.86792
1699 0.50000 0.50000
1700 0.50000 0.50000
1701 0.69769 0.88742
1702 0.70182 0.16765
1703 0.50000 0.50000
1704 0.68942 0.17187
1705 0.69812 0.88814
1706 0.66613 0.23444
1707 0.72066 0.88918
1708 0.73928 0.28441
1709 0.50000 0.50000
1710 0.71099 0.16102
1711 0.69869 0.88996
1712 0.69835 0.88826
1713 0.70825 0.16045
1714 0.50000 0.50000
1715 0.50000 0.50000
1716 0.78284 0.51853
1717 0.74480 0.15810
1718 0.70339 0.16152
1719 0.69794 0.88913
1720 0.75276 0.15923
1721 0.69813 0.88814
1722 0.75368 0.19289
1723 0.75248 0.15866
1724 0.73532 0.30243
1725 0.69954 0.54009
1726 0.70774 0.16089
1727 0.71649 0.28516
1728 0.69841 0.88722
1729 0.69796 0.88782
1730 0.68949 0.17420
1731 0.72444 0.48974
1732 0.71475 0.24914
1733 0.69023 0.25371
1734 0.73224 0.25667
1735 0.72642 0.29448
1736 0.73014 0.27360
1737 0.73056 0.27305
1738 0.80690 0.52928
1739 0.69803 0.88897
1740 0.31276 0.91972
1741 0.46079 0.80639
1742 0.78443 0.51227
1743 0.71996 0.20855
1744 0.83333 0.77778
1745 0.74768 0.15750
1746 0.72319 0.29137
1747 0.73332 0.25651
1748 0.68901 0.17112
1749 0.69307 0.87626
1750 0.70849 0.88590
1751 0.77507 0.50055
1752 0.73721 0.50804
1753 0.77141 0.50662
1754 0.77157 0.50676
1755 0.69703 0.88783
1756 0.72647 0.18930
1757 0.77143 0.50663
1758 0.69693 0.88790
1759 0.75425 0.51349
1760 0.69113 0.86807
1761 0.69265 0.87548
1762 0.75668 0.51707
1763 0.70902 0.85286
1764 0.68825 0.86356
1765 0.50000 0.50000
1766 0.68657 0.86247
1767 0.69807 0.88908
1768 0.68659 0.86204
1769 0.70073 0.25890
1770 0.76469 0.16075
1771 0.69905 0.88796
1772 0.77167 0.50588
1773 0.69399 0.88045
1774 0.69824 0.88792
1775 0.69740 0.88805
1776 0.73880 0.27815
1777 0.69818 0.88782
1778 0.53832 0.72182
1779 0.64318 0.27726
1780 0.74200 0.27850
1781 0.75620 0.31999
1782 0.73954 0.28000
1783 0.70978 0.28655
1784 0.72922 0.23351
1785 0.53889 0.72500
1786 0.70556 0.85417
1787 0.69705 0.88739
1788 0.79750 0.52778
1789 0.50000 0.50000
1790 0.69750 0.88800
1791 0.70267 0.88994
1792 0.69624 0.88706
1793 0.70182 0.16765
1794 0.69825 0.88804
1795 0.70182 0.16765
1796 0.50000 0.50000
1797 0.78480 0.51638
1798 0.69824 0.88827
1799 0.50000 0.50000
1800 0.36902 0.37031
1801 0.70285 0.16791
1802 0.68972 0.17097
1803 0.71509 0.47463
1804 0.72077 0.25204
1805 0.36923 0.37034
1806 0.36918 0.37046
1807 0.69638 0.88743
1808 0.72619 0.29443
1809 0.71517 0.47459
1810 0.72352 0.18984
1811 0.74250 0.51921
1812 0.71722 0.23728
1813 0.78250 0.51222
1814 0.68918 0.17155
1815 0.78356 0.49750
1816 0.77110 0.50698
1817 0.68970 0.17181
1818 0.78250 0.51218
1819 0.70466 0.28856
1820 0.69001 0.17056
1821 0.75229 0.30018
1822 0.70448 0.28840
1823 0.68918 0.17155
1824 0.77148 0.50676
1825 0.72619 0.29443
1826 0.76132 0.15861
1827 0.77145 0.50633
1828 0.70470 0.28810
1829 0.71606 0.28588
1830 0.77141 0.50652
1831 0.68230 0.23123
1832 0.77141 0.50652
1833 0.68213 0.23109
1834 0.68197 0.22925
1835 0.68919 0.17122
1836 0.69016 0.17073
1837 0.68939 0.17054
1838 0.77176 0.50597
1839 0.77139 0.50676
1840 0.70979 0.15996
1841 0.68907 0.17119
1842 0.72644 0.29454
1843 0.70815 0.16074
1844 0.74758 0.15761
1845 0.77141 0.50652
1846 0.71651 0.23546
1847 0.74831 0.15570
1848 0.79104 0.52724
1849 0.71651 0.23546
1850 0.76486 0.16077
1851 0.77130 0.50671
1852 0.69032 0.25360
1853 0.50751 0.78839
1854 0.68815 0.17203
1855 0.77133 0.50621
1856 0.68209 0.27797
1857 0.78593 0.49290
1858 0.68175 0.17456
1859 0.76398 0.52436
1860 0.69793 0.88770
1861 0.71730 0.23716
1862 0.71723 0.23727
1863 0.69700 0.22864
1864 0.68804 0.17182
1865 0.72647 0.29449
1866 0.71002 0.16036
1867 0.71624 0.23677
1868 0.68918 0.17155
1869 0.74275 0.27945
1870 0.71601 0.23661
1871 0.65632 0.27222
1872 0.60928 0.06916
1873 0.71601 0.23661
1874 0.61835 0.06154
1875 0.69649 0.88776
1876 0.54352 0.77306
1877 0.62199 0.05647
1878 0.69843 0.88821
1879 0.66901 0.22860
1880 0.81065 0.53639
1881 0.69854 0.88793
1882 0.31176 0.92000
1883 0.72491 0.49065
1884 0.72454 0.48972
1885 0.68918 0.17155
1886 0.59703 0.71827
1887 0.68892 0.16997
1888 0.78371 0.50450
1889 0.68856 0.17185
1890 0.69973 0.28186
1891 0.70883 0.16106
1892 0.76907 0.15731
1893 0.71657 0.23703
1894 0.70775 0.16089
1895 0.76456 0.16015
1896 0.71601 0.23661
1897 0.72621 0.29456
1898 0.68172 0.21353
1899 0.71607 0.23660
1900 0.72094 0.26067
1901 0.71722 0.23741
1902 0.68175 0.17456
1903 0.72492 0.20324
1904 0.77141 0.50652
1905 0.70896 0.16004
1906 0.69818 0.88824
1907 0.78616 0.49965
1908 0.72508 0.25280
1909 0.74230 0.17721
1910 0.68950 0.17143
1911 0.73270 0.25657
1912 0.68990 0.17132
1913 0.68913 0.17092
1914 0.68929 0.17340
1915 0.70992 0.16000
1916 0.68923 0.17099
1917 0.70961 0.16400
1918 0.70927 0.16408
1919 0.66887 0.25979
1920 0.73144 0.29800
1921 0.69851 0.28097
1922 0.72663 0.28372
1923 0.67090 0.25953
1924 0.70826 0.16048
1925 0.70845 0.16425
1926 0.68434 0.27635
1927 0.70403 0.16740
1928 0.70911 0.16390
1929 0.72196 0.29121
1930 0.75291 0.15923
1931 0.72656 0.29437
1932 0.69123 0.16751
1933 0.70926 0.16372
1934 0.70999 0.16329
1935 0.72195 0.29120
1936 0.72174 0.29188
1937 0.58135 0.83622
1938 0.72204 0.29128
1939 0.74231 0.26598
1940 0.66405 0.23555
1941 0.81021 0.48818
1942 0.74246 0.26598
1943 0.72194 0.29126
1944 0.68213 0.23109
1945 0.68400 0.17476
1946 0.76466 0.16074
1947 0.76535 0.16054
1948 0.70744 0.16140
1949 0.38407 0.65407
1950 0.68680 0.18874
1951 0.69759 0.88787
1952 0.68810 0.17199
1953 0.72458 0.25858
1954 0.72170 0.82332
1955 0.69919 0.88880
1956 0.69825 0.88820
1957 0.75233 0.51843
1958 0.71667 0.28681
1959 0.68628 0.26410
1960 0.77674 0.23012
1961 0.72288 0.25509
1962 0.71826 0.28722
1963 0.76486 0.16077
1964 0.69282 0.87644
1965 0.70993 0.16000
1966 0.32065 0.82144
1967 0.75021 0.24097
1968 0.71252 0.20942
1969 0.73301 0.25638
1970 0.68789 0.17124
1971 0.73250 0.25653
1972 0.70681 0.16118
1973 0.64790 0.27267
1974 0.71803 0.23772
1975 0.64765 0.27292
1976 0.64790 0.27267
1977 0.68766 0.26564
1978 0.73250 0.25653
1979 0.68786 0.26546
1980 0.70951 0.16274
1981 0.70744 0.16140
1982 0.71708 0.26542
1983 0.71722 0.23728
1984 0.64713 0.27281
1985 0.72094 0.23654
1986 0.64759 0.27258
1987 0.71722 0.23728
1988 0.79097 0.51357
1989 0.70966 0.16271
1990 0.62498 0.81644
1991 0.71627 0.23683
1992 0.78841 0.51251
1993 0.70992 0.15994
1994 0.78579 0.50993
1995 0.68688 0.18883
1996 0.78657 0.51447
1997 0.78895 0.51212
1998 0.76448 0.16019
1999 0.81009 0.53616
2000 0.80952 0.53658
2001 0.70556 0.85417
2002 0.78970 0.51223
2003 0.70827 0.85293
2004 0.78893 0.51210
2005 0.70836 0.85307
2006 0.79085 0.51362
2007 0.70829 0.85257
2008 0.78921 0.51248
2009 0.78893 0.51221
2010 0.80955 0.53662
2011 0.78900 0.51401
2012 0.83431 0.56926
2013 0.72580 0.54391
2014 0.68072 0.23682
2015 0.74185 0.51148
2016 0.67949 0.23478
2017 0.77150 0.50647
2018 0.77028 0.48991
2019 0.67410 0.23686
2020 0.77138 0.50651
2021 0.31188 0.92019
2022 0.78169 0.51274
2023 0.68238 0.17429
2024 0.68300 0.17492
2025 0.67942 0.23527
2026 0.70997 0.15997
2027 0.31167 0.91994
2028 0.31204 0.92002
2029 0.31176 0.92003
2030 0.28992 0.90267
2031 0.31080 0.91978
2032 0.39966 0.04669
2033 0.31174 0.92004
2034 0.80480 0.49560
2035 0.71651 0.23546
2036 0.78611 0.49986
2037 0.73250 0.25653
2038 0.73501 0.30051
2039 0.74742 0.29710
2040 0.74278 0.27940
2041 0.70906 0.15997
2042 0.78731 0.49653
2043 0.78754 0.49654
2044 0.78667 0.49981
2045 0.79523 0.49566
2046 0.68694 0.17264
2047 0.68290 0.17485
2048 0.68780 0.26557
2049 0.68851 0.26572
2050 0.81176 0.48903
2051 0.78540 0.51715
2052 0.70981 0.16044
2053 0.73536 0.30262
2054 0.71150 0.26532
2055 0.74135 0.27633
2056 0.73863 0.26212
2057 0.73841 0.26193
2058 0.73841 0.26193
2059 0.73875 0.26215
2060 0.76361 0.16025
2061 0.75105 0.30838
2062 0.68989 0.17136
2063 0.71356 0.15913
2064 0.84210 0.08475
2065 0.31157 0.92019
2066 0.70987 0.15994
2067 0.73103 0.23986
2068 0.83523 0.04815
2069 0.78796 0.49875
2070 0.79020 0.49706
2071 0.71606 0.28588
2072 0.71622 0.28600
2073 0.80638 0.48150
2074 0.29034 0.90305
2075 0.70744 0.16140
2076 0.70993 0.15997
2077 0.68008 0.24970
2078 0.70816 0.16072
2079 0.71607 0.28592
2080 0.71727 0.26531
2081 0.70977 0.16003
2082 0.70986 0.15995
2083 0.79421 0.15993
2084 0.71827 0.28715
2085 0.78658 0.49165
2086 0.79000 0.49389
2087 0.78407 0.50079
2088 0.74445 0.30103
2089 0.68824 0.26524
2090 0.73475 0.26750
2091 0.71898 0.28470
2092 0.76456 0.16011
2093 0.72269 0.29058
2094 0.72645 0.18919
2095 0.68559 0.24750
2096 0.70144 0.25931
2097 0.70092 0.25893
2098 0.70085 0.25892
2099 0.31402 0.92043
2100 0.68677 0.18919
2101 0.72920 0.23350
2102 0.68793 0.17626
2103 0.72196 0.29121
2104 0.61525 0.21282
2105 0.71440 0.24837
2106 0.68921 0.17446
2107 0.70938 0.16408
2108 0.71424 0.16295
2109 0.70899 0.16403
2110 0.70931 0.16394
2111 0.68971 0.17185
2112 0.74252 0.30482
2113 0.72240 0.26616
2114 0.78380 0.54769
2115 0.69821 0.88801
2116 0.70911 0.16390
2117 0.76419 0.55287
2118 0.80000 0.48889
2119 0.70986 0.15995
2120 0.70911 0.16390
2121 0.70991 0.16238
2122 0.70948 0.16369
2123 0.65186 0.27072
2124 0.72874 0.28499
2125 0.66528 0.23509
2126 0.66524 0.23408
2127 0.74275 0.27901
2128 0.66529 0.23507
2129 0.66532 0.23510
2130 0.66527 0.23506
2131 0.68932 0.17120
2132 0.66518 0.23495
2133 0.66527 0.23506
2134 0.65855 0.27395
2135 0.69959 0.28045
2136 0.70877 0.16016
2137 0.50000 0.50000
2138 0.76353 0.16079
2139 0.69566 0.18996
2140 0.70690 0.16138
2141 0.70082 0.18008
2142 0.70688 0.16174
2143 0.65248 0.27687
2144 0.71227 0.26193
2145 0.36694 0.37117
2146 0.67944 0.24949
2147 0.70986 0.15995
2148 0.65908 0.27390
2149 0.72513 0.29358
2150 0.70015 0.23331
2151 0.74676 0.16957
2152 0.73441 0.15918
2153 0.31178 0.92004
2154 0.69879 0.27531
2155 0.50759 0.78833
2156 0.72637 0.29378
2157 0.68889 0.27489
2158 0.68773 0.26577
2159 0.69765 0.24395
2160 0.67454 0.70301
2161 0.72646 0.29444
2162 0.78830 0.47641
2163 0.66551 0.23509
2164 0.64422 0.27737
2165 0.72490 0.29368
2166 0.73507 0.25518
2167 0.76907 0.15731
2168 0.78435 0.50019
2169 0.66371 0.22596
2170 0.69169 0.24151
2171 0.74989 0.24093
2172 0.80933 0.53490
2173 0.28989 0.90285
2174 0.28993 0.90267
2175 0.69322 0.59151
2176 0.50000 0.50000
2177 0.76667 0.60500
2178 0.70535 0.16120
2179 0.50000 0.50000
2180 0.74758 0.15761
2181 0.74425 0.16328
2182 0.70078 0.23341
2183 0.64222 0.73644
2184 0.71187 0.16312
2185 0.74358 0.28050
2186 0.71500 0.24876
2187 0.69571 0.27544
2188 0.50000 0.50000
2189 0.65537 0.27000
2190 0.71562 0.23631
2191 0.75100 0.51589
2192 0.75287 0.29542
2193 0.75287 0.29542
2194 0.67002 0.25582
2195 0.75287 0.29542
2196 0.75287 0.29542
2197 0.75304 0.29567
2198 0.70853 0.16101
2199 0.73633 0.26959
2200 0.75334 0.29572
2201 0.71634 0.23698
2202 0.75286 0.29563
2203 0.69912 0.24804
2204 0.79721 0.49198
2205 0.73353 0.23994
2206 0.50000 0.50000
2207 0.79712 0.49378
2208 0.65863 0.71456
2209 0.62539 0.74547
2210 0.50000 0.50000
2211 0.68951 0.17343
2212 0.50000 0.50000
2213 0.71652 0.23687
2214 0.73519 0.25481
2215 0.68577 0.18804
2216 0.75317 0.29667
2217 0.71431 0.25019
2218 0.75290 0.29569
2219 0.75324 0.29630
2220 0.75583 0.29523
2221 0.75287 0.29542
2222 0.75292 0.29554
2223 0.69888 0.24809
2224 0.75287 0.29542
2225 0.72295 0.26951
2226 0.75250 0.29644
2227 0.75297 0.29472
2228 0.75308 0.29573
2229 0.71652 0.23687
2230 0.50000 0.50000
2231 0.68503 0.18933
2232 0.50000 0.50000
2233 0.72500 0.18884
2234 0.68433 0.23034
2235 0.73624 0.26975
2236 0.76450 0.16055
2237 0.72619 0.29443
2238 0.76458 0.16011
2239 0.74362 0.27907
2240 0.73250 0.25653
2241 0.76748 0.53202
2242 0.73542 0.30248
2243 0.62523 0.81682
2244 0.50720 0.78846
2245 0.50713 0.78843
2246 0.50731 0.78852
2247 0.50738 0.78835
2248 0.68133 0.17477
2249 0.78352 0.51242
2250 0.50719 0.78850
2251 0.50720 0.78844
2252 0.50751 0.78839
2253 0.27065 0.98537
2254 0.65760 0.27344
2255 0.29559 0.98542
2256 0.69115 0.17065
2257 0.74546 0.57958
2258 0.71459 0.47504
2259 0.50000 0.50000
2260 0.73237 0.29678
2261 0.73501 0.30056
2262 0.66519 0.23495
2263 0.72691 0.27288
2264 0.68849 0.17249
2265 0.68903 0.26495
2266 0.70793 0.16137
2267 0.70986 0.15995
2268 0.50718 0.78849
2269 0.50710 0.78830
2270 0.70837 0.16038
2271 0.76486 0.16077
2272 0.71667 0.20694
2273 0.73483 0.26548
2274 0.68735 0.17674
2275 0.66567 0.23493
2276 0.68711 0.17729
2277 0.70986 0.15995
2278 0.28992 0.90268
2279 0.76263 0.16422
2280 0.70781 0.16127
2281 0.70835 0.15981
2282 0.66550 0.23503
2283 0.83525 0.52936
2284 0.30599 0.34401
2285 0.70706 0.16105
2286 0.30599 0.34402
2287 0.72553 0.18880
2288 0.72077 0.20838
2289 0.70918 0.15999
2290 0.70998 0.15999
2291 0.73759 0.30213
2292 0.73542 0.30248
2293 0.73544 0.30245
2294 0.29523 0.98545
2295 0.72517 0.18917
2296 0.70986 0.15995
2297 0.72022 0.89430
2298 0.63935 0.83769
2299 0.73625 0.30308
2300 0.69808 0.88909
2301 0.80541 0.49552
2302 0.63931 0.83771
2303 0.63919 0.83756
2304 0.69836 0.88745
2305 0.76485 0.16056
2306 0.77370 0.15897
2307 0.70744 0.16140
2308 0.70744 0.16140
2309 0.76467 0.16073
2310 0.63795 0.83616
2311 0.76448 0.16019
2312 0.75295 0.15929
2313 0.72481 0.89213
2314 0.76486 0.16077
2315 0.69296 0.87657
2316 0.76448 0.16019
2317 0.75258 0.52556
2318 0.76448 0.16019
2319 0.77118 0.52562
2320 0.76469 0.16075
2321 0.73159 0.53773
2322 0.73185 0.53410
2323 0.63910 0.83784
2324 0.69741 0.88778
2325 0.69688 0.88790
2326 0.63914 0.83741
2327 0.50000 0.50000
2328 0.76460 0.16015
2329 0.68761 0.17172
2330 0.79629 0.48264
2331 0.63914 0.83757
2332 0.77380 0.15801
2333 0.69742 0.88788
2334 0.70952 0.15986
2335 0.68986 0.17104
2336 0.63315 0.83601
2337 0.73473 0.53437
2338 0.75331 0.52520
2339 0.63910 0.83764
2340 0.63908 0.83763
2341 0.63901 0.83763
2342 0.72607 0.29465
2343 0.63914 0.83753
2344 0.73167 0.30162
2345 0.78622 0.49970
2346 0.63911 0.83759
2347 0.76469 0.16075
2348 0.68918 0.17155
2349 0.75520 0.52632
2350 0.77361 0.15800
2351 0.76483 0.16005
2352 0.76469 0.16055
2353 0.71652 0.54485
2354 0.68970 0.17180
2355 0.76448 0.16019
2356 0.69825 0.88820
2357 0.63910 0.83760
2358 0.69813 0.88815
2359 0.76478 0.16015
2360 0.69808 0.88811
2361 0.72681 0.29466
2362 0.50000 0.50000
2363 0.76452 0.16029
2364 0.72921 0.23351
2365 0.76434 0.16068
2366 0.50000 0.50000
2367 0.76448 0.16019
2368 0.65428 0.27034
2369 0.76448 0.16019
2370 0.69334 0.25646
2371 0.76561 0.16006
2372 0.68464 0.86195
2373 0.70742 0.16140
2374 0.73250 0.25653
2375 0.69305 0.18863
2376 0.66840 0.27390
2377 0.70474 0.28895
2378 0.74473 0.15809
2379 0.72856 0.25590
2380 0.50000 0.50000
2381 0.71626 0.23706
2382 0.68211 0.23111
2383 0.66095 0.22642
2384 0.76469 0.16075
2385 0.69911 0.24813
2386 0.76400 0.16054
2387 0.51708 0.78225
2388 0.46533 0.79619
2389 0.71821 0.21250
2390 0.68568 0.18938
2391 0.71722 0.23728
2392 0.76485 0.16056
2393 0.76468 0.16074
2394 0.69809 0.22925
2395 0.50000 0.50000
2396 0.71615 0.23727
2397 0.76561 0.16021
2398 0.65870 0.71444
2399 0.66347 0.22641
2400 0.68920 0.17154
2401 0.76455 0.16021
2402 0.73250 0.25653
2403 0.72619 0.29443
2404 0.76448 0.16019
2405 0.73269 0.25615
2406 0.76494 0.16004
2407 0.63916 0.83760
2408 0.73284 0.25656
2409 0.63952 0.83760
2410 0.71651 0.23546
2411 0.73566 0.30248
2412 0.76486 0.16077
2413 0.77472 0.52153
2414 0.50000 0.50000
2415 0.75251 0.15953
2416 0.69620 0.88763
2417 0.68471 0.18990
2418 0.69834 0.88773
2419 0.71293 0.23246
2420 0.72577 0.29446
2421 0.71060 0.16331
2422 0.72201 0.26945
2423 0.52339 0.78327
2424 0.69786 0.25824
2425 0.69137 0.17114
2426 0.34730 0.92500
2427 0.68900 0.17086
2428 0.74280 0.27958
2429 0.68918 0.17155
2430 0.74079 0.27840
2431 0.74210 0.27873
2432 0.68945 0.17144
2433 0.68915 0.17098
2434 0.50000 0.50000
2435 0.25815 0.97954
2436 0.74370 0.27982
2437 0.67346 0.83743
2438 0.74347 0.27901
2439 0.74370 0.27982
2440 0.74194 0.27863
2441 0.68914 0.17155
2442 0.73126 0.25499
2443 0.68950 0.17150
2444 0.68966 0.17186
2445 0.73505 0.25474
2446 0.73069 0.24840
2447 0.68971 0.17182
2448 0.73268 0.25656
2449 0.72234 0.20764
2450 0.68943 0.17127
2451 0.73430 0.25572
2452 0.66893 0.25300
2453 0.68918 0.17155
2454 0.65764 0.27167
2455 0.66891 0.25308
2456 0.68675 0.18886
2457 0.66840 0.23484
2458 0.72077 0.20838
2459 0.73647 0.25595
2460 0.63877 0.83667
2461 0.71613 0.28602
2462 0.63841 0.83657
2463 0.62519 0.81682
2464 0.63946 0.83757
2465 0.68967 0.17187
2466 0.62571 0.83415
2467 0.65465 0.27004
2468 0.70078 0.17963
2469 0.71640 0.23546
2470 0.69917 0.28169
2471 0.68923 0.17136
2472 0.68923 0.17122
2473 0.68963 0.17187
2474 0.69952 0.28040
2475 0.69441 0.28294
2476 0.69997 0.28084
2477 0.69848 0.28090
2478 0.68159 0.17449
2479 0.82979 0.54965
2480 0.71749 0.28636
2481 0.71763 0.28666
2482 0.71775 0.28661
2483 0.71800 0.28656
2484 0.70934 0.16176
2485 0.67608 0.20473
2486 0.65973 0.27083
2487 0.68308 0.23051
2488 0.71806 0.28655
2489 0.70986 0.15995
2490 0.69809 0.88765
2491 0.63923 0.83790
2492 0.73562 0.30272
2493 0.67974 0.24756
2494 0.78227 0.49702
2495 0.71815 0.28667
2496 0.71719 0.28607
2497 0.69929 0.26789
2498 0.71622 0.28665
2499 0.72196 0.29121
2500 0.69809 0.88765
2501 0.69850 0.88809
2502 0.69837 0.88767
2503 0.69818 0.88816
2504 0.67346 0.83735
2505 0.72695 0.29482
2506 0.71899 0.28807
2507 0.69704 0.22912
2508 0.68213 0.23109
2509 0.72170 0.29199
2510 0.71649 0.28516
2511 0.71583 0.28597
2512 0.71640 0.28640
2513 0.70682 0.28499
2514 0.76546 0.52111
2515 0.78621 0.49961
2516 0.78609 0.49960
2517 0.78625 0.49981
2518 0.78269 0.50125
2519 0.78556 0.49977
2520 0.78622 0.49962
2521 0.75254 0.52543
2522 0.78616 0.49965
2523 0.78637 0.49981
2524 0.50000 0.50000
2525 0.72560 0.29031
2526 0.73250 0.25653
2527 0.72049 0.20818
2528 0.69854 0.88793
2529 0.71275 0.16031
2530 0.72064 0.20837
2531 0.72077 0.20838
2532 0.69825 0.88820
2533 0.68171 0.17456
2534 0.71952 0.20505
2535 0.68171 0.17456
2536 0.71942 0.28708
2537 0.72084 0.20844
2538 0.71986 0.20528
2539 0.78456 0.51881
2540 0.77343 0.15838
2541 0.72016 0.20819
2542 0.78176 0.49477
2543 0.78111 0.49317
2544 0.78179 0.49478
2545 0.72074 0.20839
2546 0.68749 0.26559
2547 0.72094 0.20841
2548 0.78212 0.49477
2549 0.78189 0.49037
2550 0.78213 0.49449
2551 0.78193 0.49479
2552 0.68175 0.17456
2553 0.66648 0.24981
2554 0.66666 0.24963
2555 0.72914 0.28920
2556 0.72075 0.28612
2557 0.66647 0.24986
2558 0.66830 0.25674
2559 0.73267 0.25659
2560 0.34889 0.92491
2561 0.34778 0.92519
2562 0.76782 0.54548
2563 0.72492 0.29319
2564 0.77472 0.52153
2565 0.70897 0.15976
2566 0.73724 0.30229
2567 0.64713 0.72296
2568 0.79233 0.49442
2569 0.73167 0.24003
2570 0.72021 0.20798
2571 0.68529 0.18947
2572 0.76448 0.16019
2573 0.66815 0.22849
2574 0.69523 0.25053
2575 0.72196 0.29121
2576 0.50000 0.50000
2577 0.65855 0.27395
2578 0.69935 0.89065
2579 0.68818 0.59864
2580 0.79603 0.48230
2581 0.60564 0.70236
2582 0.68469 0.18991
2583 0.79750 0.52245
2584 0.69740 0.88733
2585 0.63911 0.83757
2586 0.63398 0.83505
2587 0.65730 0.27378
2588 0.73109 0.29808
2589 0.69571 0.27544
2590 0.74258 0.30114
2591 0.69806 0.28207
2592 0.73889 0.29028
2593 0.70715 0.16114
2594 0.69459 0.87704
2595 0.72391 0.26934
2596 0.74182 0.30147
2597 0.72201 0.26945
2598 0.84020 0.08522
2599 0.76043 0.23114
2600 0.30365 0.91413
2601 0.69818 0.64285
2602 0.55985 0.79637
2603 0.70836 0.85307
2604 0.68393 0.22614
2605 0.55981 0.79636
2606 0.75304 0.52504
2607 0.34740 0.92508
2608 0.34811 0.92506
2609 0.30327 0.91416
2610 0.69601 0.16483
2611 0.70337 0.16614
2612 0.70715 0.16125
2613 0.76743 0.53215
2614 0.75257 0.15912
2615 0.72619 0.29443
2616 0.72897 0.53769
2617 0.72619 0.18903
2618 0.76041 0.23120
2619 0.69417 0.16549
2620 0.72647 0.29448
2621 0.29519 0.98546
2622 0.72222 0.48889
2623 0.69821 0.88801
2624 0.75866 0.16445
2625 0.68600 0.18880
2626 0.69619 0.26895
2627 0.76212 0.16032
2628 0.76278 0.15939
2629 0.73826 0.28089
2630 0.73482 0.15857
2631 0.83130 0.54741
2632 0.28963 0.90287
2633 0.76165 0.16054
2634 0.28954 0.90272
2635 0.69831 0.88822
2636 0.68863 0.17390
2637 0.69810 0.88818
2638 0.72543 0.18887
2639 0.71722 0.23728
2640 0.66949 0.26571
2641 0.69649 0.88708
2642 0.65390 0.81110
2643 0.84574 0.57148
2644 0.60639 0.70231
2645 0.73932 0.26056
2646 0.77392 0.52401
2647 0.25815 0.97954
2648 0.68863 0.26514
2649 0.70776 0.23692
2650 0.76452 0.16020
2651 0.78616 0.49965
2652 0.66396 0.22603
2653 0.68582 0.18868
2654 0.71722 0.23728
2655 0.73511 0.30250
2656 0.78656 0.49995
2657 0.74394 0.15885
2658 0.55833 0.31412
2659 0.70165 0.17964
2660 0.78488 0.50301
2661 0.77367 0.15766
2662 0.73304 0.25646
2663 0.77287 0.15902
2664 0.71641 0.23685
2665 0.68192 0.23098
2666 0.68345 0.23058
2667 0.72077 0.20838
2668 0.65688 0.27171
2669 0.60241 0.77413
2670 0.65855 0.27395
2671 0.81365 0.49162
2672 0.68714 0.17296
2673 0.77361 0.15800
2674 0.79651 0.49129
2675 0.73561 0.25548
2676 0.74989 0.24093
2677 0.72093 0.29127
2678 0.69989 0.26716
2679 0.69044 0.16863
2680 0.71806 0.18958
2681 0.68941 0.26537
2682 0.71601 0.23711
2683 0.66416 0.22697
2684 0.68981 0.26444
2685 0.71651 0.23669
2686 0.75541 0.23517
2687 0.72112 0.29149
2688 0.36912 0.37039
2689 0.60793 0.06691
2690 0.68286 0.17460
2691 0.79880 0.49329
2692 0.70415 0.49274
2693 0.72208 0.26943
2694 0.69052 0.17099
2695 0.65758 0.27168
2696 0.71629 0.23738
2697 0.66447 0.23435
2698 0.67527 0.23015
2699 0.68930 0.17255
2700 0.67527 0.23015
2701 0.79928 0.52964
2702 0.65758 0.27345
2703 0.78619 0.49958
2704 0.67635 0.20477
2705 0.72600 0.18915
2706 0.67942 0.20345
2707 0.70995 0.16000
2708 0.69112 0.17069
2709 0.60951 0.06923
2710 0.75036 0.24111
2711 0.78491 0.49791
2712 0.74989 0.24093
2713 0.78293 0.49872
2714 0.50000 0.50000
2715 0.71583 0.28600
2716 0.68749 0.26559
2717 0.70030 0.24852
2718 0.76535 0.16054
2719 0.51750 0.78252
2720 0.78574 0.49912
2721 0.30674 0.91884
2722 0.79028 0.49755
2723 0.78621 0.49962
2724 0.78824 0.49884
2725 0.81139 0.53528
2726 0.78546 0.49972
2727 0.81137 0.53528
2728 0.74699 0.25526
2729 0.78741 0.50134
2730 0.68804 0.17295
2731 0.69821 0.88798
2732 0.78603 0.49952
2733 0.68626 0.25911
2734 0.78735 0.49976
2735 0.72631 0.29397
2736 0.71337 0.57542
2737 0.50000 0.50000
2738 0.78653 0.50052
2739 0.78550 0.50152
2740 0.75291 0.15923
2741 0.74278 0.27940
2742 0.77290 0.15789
2743 0.76360 0.55329
2744 0.71612 0.28600
2745 0.68566 0.25889
2746 0.50000 0.50000
2747 0.74807 0.32334
2748 0.50000 0.50000
2749 0.34731 0.92508
2750 0.34740 0.92508
2751 0.79806 0.52722
2752 0.76743 0.53215
2753 0.77399 0.52344
2754 0.74067 0.53148
2755 0.75292 0.52841
2756 0.69810 0.88808
2757 0.70770 0.16088
2758 0.69852 0.88792
2759 0.70770 0.16088
2760 0.68638 0.86237
2761 0.78578 0.51522
2762 0.76486 0.16071
2763 0.76475 0.16104
2764 0.76148 0.54292
2765 0.76590 0.53629
2766 0.76060 0.53760
2767 0.76149 0.54278
2768 0.76870 0.53023
2769 0.75895 0.53849
2770 0.75557 0.53897
2771 0.75731 0.54144
2772 0.76839 0.53968
2773 0.76837 0.53968
2774 0.72416 0.29261
2775 0.78979 0.51700
2776 0.69867 0.25851
2777 0.72201 0.26945
2778 0.71356 0.15913
2779 0.73277 0.25572
2780 0.72785 0.58042
2781 0.70069 0.18008
2782 0.66816 0.22849
2783 0.71546 0.28570
2784 0.68720 0.17259
2785 0.68723 0.17277
2786 0.68723 0.17264
2787 0.68706 0.17264
2788 0.68721 0.17259
2789 0.68715 0.17274
2790 0.68748 0.17262
2791 0.73360 0.25644
2792 0.73970 0.25509
2793 0.71002 0.16036
2794 0.74989 0.24093
2795 0.70863 0.28483
2796 0.75180 0.17196
2797 0.70983 0.16003
2798 0.71115 0.16031
2799 0.70990 0.15994
2800 0.70989 0.16002
2801 0.70989 0.16002
2802 0.64365 0.27701
2803 0.71116 0.16148
2804 0.72033 0.26632
2805 0.70825 0.16045
2806 0.69531 0.88644
2807 0.31250 0.91956
2808 0.69828 0.88807
2809 0.68809 0.17234
2810 0.68857 0.26607
2811 0.69366 0.88005
2812 0.68277 0.86392
2813 0.71713 0.23361
2814 0.73510 0.89160
2815 0.71073 0.16196
2816 0.72322 0.29023
2817 0.71088 0.16308
2818 0.71013 0.16042
2819 0.69539 0.88035
2820 0.70503 0.28816
2821 0.71256 0.88979
2822 0.69914 0.88813
2823 0.69490 0.88102
2824 0.70056 0.17988
2825 0.69781 0.88923
2826 0.79148 0.49468
2827 0.61111 0.71389
2828 0.79778 0.49361
2829 0.69784 0.88758
2830 0.70029 0.23391
2831 0.77716 0.23016
2832 0.77714 0.23015
2833 0.72902 0.50476
2834 0.73165 0.30133
2835 0.71833 0.28718
2836 0.72651 0.29449
2837 0.65526 0.27095
2838 0.73390 0.29836
2839 0.68715 0.17235
2840 0.73396 0.30275
2841 0.73237 0.29863
2842 0.69839 0.88772
2843 0.48277 0.33326
2844 0.76743 0.53215
2845 0.69884 0.28116
2846 0.51759 0.78250
2847 0.73125 0.50747
2848 0.71606 0.23650
2849 0.75258 0.52553
2850 0.69626 0.88723
2851 0.72197 0.29389
2852 0.71722 0.23728
2853 0.80525 0.49573
2854 0.70752 0.16124
2855 0.76454 0.16057
2856 0.71097 0.15955
2857 0.73231 0.29685
2858 0.72195 0.29120
2859 0.72573 0.29406
2860 0.65564 0.27096
2861 0.76460 0.16015
2862 0.69809 0.88765
2863 0.68705 0.17271
2864 0.78548 0.49916
2865 0.65000 0.58333
2866 0.71940 0.29306
2867 0.68759 0.17170
2868 0.72579 0.29424
2869 0.78592 0.49755
2870 0.66641 0.24979
2871 0.72100 0.26654
2872 0.72197 0.29141
2873 0.64401 0.27697
2874 0.68207 0.86327
2875 0.71502 0.28551
2876 0.77417 0.51894
2877 0.68910 0.17149
2878 0.72178 0.20803
2879 0.74217 0.17698
2880 0.69790 0.88820
2881 0.69778 0.88796
2882 0.72685 0.28963
2883 0.72631 0.29397
2884 0.69356 0.27127
2885 0.65721 0.27384
2886 0.64478 0.27741
2887 0.68292 0.23102
2888 0.74271 0.27946
2889 0.70203 0.89020
2890 0.72287 0.25488
2891 0.73644 0.30022
2892 0.69770 0.88208
2893 0.69884 0.88795
2894 0.69539 0.88022
2895 0.69825 0.88820
2896 0.69808 0.88779
2897 0.52712 0.81905
2898 0.68521 0.86520
2899 0.68422 0.86034
2900 0.73260 0.25659
2901 0.77140 0.50663
2902 0.69807 0.88909
2903 0.68934 0.17031
2904 0.70535 0.88395
2905 0.73003 0.50610
2906 0.68759 0.17170
2907 0.69851 0.88809
2908 0.68989 0.17136
2909 0.65924 0.27396
2910 0.69435 0.87709
2911 0.69011 0.16904
2912 0.71232 0.88981
2913 0.68797 0.17246
2914 0.73888 0.89298
2915 0.68345 0.23098
2916 0.72328 0.29040
2917 0.69810 0.88793
2918 0.70966 0.16271
2919 0.68916 0.17155
2920 0.68885 0.17169
2921 0.68974 0.17072
2922 0.68918 0.17155
2923 0.72090 0.20838
2924 0.64561 0.22869
2925 0.73866 0.25552
2926 0.45154 0.81992
2927 0.71591 0.28540
2928 0.71604 0.28606
2929 0.62796 0.70171
2930 0.68910 0.17163
2931 0.82900 0.54954
2932 0.79661 0.49159
2933 0.76367 0.16040
2934 0.74366 0.30512
2935 0.68912 0.17154
2936 0.45444 0.81764
2937 0.72438 0.18938
2938 0.61667 0.65833
2939 0.75291 0.29552
2940 0.73610 0.26962
2941 0.74989 0.24091
2942 0.68747 0.17190
2943 0.50000 0.50000
2944 0.50000 0.50000
2945 0.69818 0.88826
2946 0.74362 0.28077
2947 0.69780 0.88752
2948 0.69799 0.88751
2949 0.71744 0.26527
2950 0.78426 0.49954
2951 0.50000 0.50000
2952 0.69819 0.88823
2953 0.69825 0.88820
2954 0.69814 0.88814
2955 0.69825 0.88820
2956 0.69234 0.23212
2957 0.73044 0.25707
2958 0.67776 0.21645
2959 0.67803 0.21622
2960 0.66934 0.22824
2961 0.68918 0.17155
2962 0.69281 0.88258
2963 0.85254 0.53034
2964 0.71150 0.28139
2965 0.67528 0.70651
2966 0.86060 0.09007
2967 0.66754 0.23812
2968 0.50000 0.50000
2969 0.50711 0.78833
2970 0.68649 0.21700
2971 0.86060 0.09007
2972 0.67692 0.21565
2973 0.67771 0.21629
2974 0.46558 0.79678
2975 0.69821 0.88828
2976 0.77398 0.15814
2977 0.69105 0.17065
2978 0.68941 0.17116
2979 0.67815 0.59657
2980 0.79029 0.51726
2981 0.74146 0.27741
2982 0.69803 0.88819
2983 0.68947 0.17129
2984 0.69595 0.88048
2985 0.70986 0.15995
2986 0.65691 0.27022
2987 0.77110 0.52692
2988 0.77247 0.52540
2989 0.70206 0.26417
2990 0.70986 0.15995
2991 0.68911 0.17126
2992 0.69789 0.88729
2993 0.71618 0.28609
2994 0.69820 0.88798
2995 0.69813 0.88815
2996 0.75048 0.24094
2997 0.81610 0.54110
2998 0.69804 0.88808
2999 0.76561 0.16006
3000 0.69871 0.26773
